1000
0.001000 0.000000 0.000000
0.000000 0.000000 0.001000
0.000000 0.000000 0.000000
0.000000 0.000000 0.000000
0.001000 0.000000 0.000000
5000
0.001000 0.000000 0.002000
0.001000 0.001000 0.000000
0.001000 0.000000 0.001000
0.001000 0.000000 0.000000
0.000000 0.000000 0.000000
10000
0.002000 0.000000 0.003000
0.004000 0.001000 0.003000
0.003000 0.000000 0.003000
0.002000 0.001000 0.001000
0.003000 0.001000 0.002000
50000
0.015000 0.004000 0.014000
0.014000 0.003000 0.015000
0.013000 0.003000 0.011000
0.012000 0.004000 0.012000
0.011000 0.005000 0.011000
100000
0.032000 0.009000 0.030000
0.029000 0.008000 0.029000
0.030000 0.008000 0.036000
0.045000 0.009000 0.033000
0.030000 0.011000 0.031000
500000
0.311000 0.112000 0.369000
0.291000 0.119000 0.330000
0.275000 0.104000 0.315000
0.310000 0.102000 0.309000
0.288000 0.121000 0.338000
1000000
0.636000 0.236000 0.699000
0.610000 0.237000 0.702000
0.610000 0.236000 0.745000
0.768000 0.262000 0.768000
0.640000 0.353000 0.877000
5000000
5.810000 4.442000 7.562000
6.207000 3.535000 6.084000
5.162000 3.960000 6.048000
5.410000 3.935000 6.052000
5.304000 3.790000 6.082000
10000000
12.958000 10.088000 15.094000
14.022000 9.936000 15.356000
12.694000 9.692000 15.286000
13.126000 10.701000 15.079000
12.327000 9.820000 14.887000
50000000
91.532000 68.414000 110.794000
88.793000 70.224000 113.125000
85.658000 66.708000 107.297000
84.298000 68.962000 120.434000
90.247000 71.600000 115.244000
