1000
0.002000 0.000000 0.000000
0.000000 0.000000 0.000000
0.000000 0.000000 0.002000
0.000000 0.001000 0.000000
0.000000 0.000000 0.000000
5000
0.002000 0.001000 0.003000
0.003000 0.001000 0.002000
0.004000 0.002000 0.001000
0.001000 0.001000 0.003000
0.000000 0.002000 0.002000
10000
0.003000 0.002000 0.003000
0.003000 0.001000 0.002000
0.003000 0.001000 0.003000
0.003000 0.002000 0.002000
0.003000 0.001000 0.002000
50000
0.018000 0.011000 0.016000
0.019000 0.011000 0.017000
0.017000 0.012000 0.017000
0.018000 0.012000 0.016000
0.018000 0.011000 0.017000
100000
0.043000 0.032000 0.045000
0.044000 0.032000 0.045000
0.045000 0.034000 0.042000
0.046000 0.029000 0.044000
0.043000 0.033000 0.044000
500000
0.437000 0.380000 0.484000
0.409000 0.381000 0.492000
0.396000 0.371000 0.469000
0.439000 0.395000 0.472000
0.396000 0.366000 0.472000
1000000
0.977000 0.928000 1.171000
0.982000 0.927000 1.180000
0.983000 0.944000 1.180000
0.989000 0.923000 1.190000
0.994000 0.934000 1.183000
5000000
7.207000 7.212000 9.415000
7.918000 7.389000 8.966000
7.401000 6.890000 8.978000
7.335000 6.945000 8.969000
7.809000 6.847000 9.028000
10000000
16.804000 16.489000 20.756000
16.612000 16.000000 21.108000
16.637000 16.037000 21.089000
16.586000 15.923000 21.667000
16.566000 15.994000 21.140000
50000000
117.198000 126.876000 168.925000
123.181000 117.336000 175.860000
118.902000 119.507000 183.637000
120.694000 118.107000 179.230000
119.076000 117.951000 183.314000
