1000
0.000000 0.000000 0.000000
0.000000 0.000000 0.000000
0.000000 0.000000 0.000000
0.000000 0.000000 0.000000
0.000000 0.000000 0.000000
5000
0.000000 0.002000 0.000000
0.000000 0.000000 0.000000
0.000000 0.000000 0.000000
0.000000 0.000000 0.001000
0.002000 0.000000 0.000000
10000
0.001000 0.000000 0.002000
0.001000 0.000000 0.002000
0.000000 0.001000 0.001000
0.001000 0.001000 0.001000
0.003000 0.000000 0.000000
50000
0.009000 0.003000 0.010000
0.008000 0.003000 0.010000
0.009000 0.003000 0.009000
0.008000 0.003000 0.009000
0.008000 0.003000 0.010000
100000
0.019000 0.009000 0.022000
0.018000 0.009000 0.023000
0.019000 0.009000 0.023000
0.017000 0.009000 0.022000
0.019000 0.007000 0.024000
500000
0.174000 0.151000 0.295000
0.180000 0.154000 0.294000
0.207000 0.156000 0.270000
0.171000 0.149000 0.273000
0.175000 0.153000 0.262000
1000000
0.476000 0.443000 0.693000
0.455000 0.447000 0.692000
0.467000 0.443000 0.687000
0.473000 0.443000 0.692000
0.466000 0.464000 0.698000
5000000
3.858000 3.779000 5.417000
3.912000 3.816000 5.424000
3.932000 3.845000 5.440000
3.899000 3.807000 5.428000
3.912000 3.839000 5.451000
10000000
9.177000 9.154000 12.676000
9.254000 9.176000 12.686000
9.272000 9.191000 12.753000
9.313000 9.186000 12.720000
9.450000 9.262000 12.803000
50000000
66.876000 67.135000 102.647000
66.728000 66.825000 103.549000
67.043000 67.316000 114.540000
79.650000 75.379000 116.212000
75.623000 73.021000 116.225000
100000000
165.178000 160.354000 278.341000
177.175000 167.326000 280.749000
166.775000 166.007000 255.445000
150.478000 147.461000 255.477000
151.852000 148.601000 257.532000
